80 0.148438 0.208594 0.128125 0.235937
80 0.309375 0.189844 0.156250 0.342187
80 0.508594 0.202344 0.189062 0.239063
80 0.734375 0.180469 0.162500 0.339062
80 0.875781 0.206250 0.132812 0.359375
80 0.062500 0.564844 0.106250 0.332813
80 0.179688 0.555469 0.137500 0.354687
80 0.317969 0.550000 0.120313 0.353125
80 0.440625 0.544531 0.112500 0.345313
80 0.577344 0.544531 0.085938 0.314063
80 0.713281 0.574219 0.104688 0.335938
80 0.822656 0.580469 0.114062 0.329688
80 0.933594 0.573438 0.123438 0.343750
